{
  "advancedEditorSelectedIdentifier" : "ProjectBrowser",
  "openSceneRelativePaths" : [
    "static_scene.usda"
  ],
  "recentIdentifiers" : {
    "AE8652D3-C14A-489A-B3E3-22FDF5B151E8" : [

    ]
  },
  "sceneCameraHistory" : {
    "0B951775-5C89-4DE4-B55E-CFB3A4F82147" : [
      {
        "date" : 745936034.12309,
        "title" : "Untitled",
        "transform" : [
          1,
          0,
          0,
          0,
          0,
          0.7071069,
          -0.70710677,
          0,
          0,
          0.70710677,
          0.7071069,
          0,
          0,
          0.04220578,
          0.042205784,
          1
        ]
      },
      {
        "date" : 745936032.679497,
        "title" : "Untitled",
        "transform" : [
          1,
          0,
          0,
          0,
          0,
          0.7071069,
          -0.70710677,
          0,
          0,
          0.70710677,
          0.7071069,
          0,
          0,
          0.07078398,
          0.07078399,
          1
        ]
      }
    ],
    "5C978825-FD8D-491C-AA41-4791450DFDD4" : [
      {
        "date" : 745974458.32515,
        "title" : "Untitled",
        "transform" : [
          -0.13402322,
          2.6997125e-09,
          -0.9909781,
          0,
          -0.5276885,
          0.84643465,
          0.07136637,
          0,
          0.83879834,
          0.5324926,
          -0.1134419,
          0,
          0.6953567,
          0.24182221,
          -0.05695568,
          1
        ]
      },
      {
        "date" : 745974451.614132,
        "title" : "Untitled",
        "transform" : [
          1,
          0,
          0,
          0,
          0,
          0.7071069,
          -0.70710677,
          0,
          0,
          0.70710677,
          0.7071069,
          0,
          0,
          0.5432496,
          0.5432497,
          1
        ]
      }
    ],
    "9EC23E40-A9B0-4E0E-A2E2-729A2C36EF3F" : [
      {
        "date" : 745976931.886984,
        "title" : "Untitled",
        "transform" : [
          0.9924558,
          -1.0833472e-09,
          0.122602925,
          0,
          0.057116196,
          0.8848568,
          -0.46234855,
          0,
          -0.10848604,
          0.46586317,
          0.8781813,
          0,
          -0.020341644,
          0.14435603,
          0.22930583,
          1
        ]
      },
      {
        "date" : 745976930.391035,
        "title" : "Untitled",
        "transform" : [
          1,
          0,
          0,
          0,
          0,
          0.7071069,
          -0.70710677,
          0,
          0,
          0.70710677,
          0.7071069,
          0,
          0.007925386,
          0.20603845,
          0.17697166,
          1
        ]
      },
      {
        "date" : 745976897.365427,
        "title" : "Untitled",
        "transform" : [
          1,
          0,
          0,
          0,
          0,
          0.7071069,
          -0.70710677,
          0,
          0,
          0.70710677,
          0.7071069,
          0,
          -0.017330509,
          0.19413269,
          0.18887742,
          1
        ]
      }
    ],
    "65B2B57E-1BBB-482C-8B28-AA8E628B083E" : [
      {
        "date" : 745977060.143045,
        "title" : "Untitled",
        "transform" : [
          0.9983393,
          -6.748291e-11,
          -0.057607725,
          0,
          -0.014214595,
          0.9690798,
          -0.24633826,
          0,
          0.05582648,
          0.246748,
          0.9674704,
          0,
          -0.2415068,
          0.19198841,
          0.19432175,
          1
        ]
      }
    ],
    "178A24ED-B994-4F1A-B148-94E079C3F642" : [
      {
        "date" : 745973986.440445,
        "title" : "Untitled",
        "transform" : [
          0.99995875,
          -2.3588909e-10,
          -0.009092008,
          0,
          -0.009083576,
          0.043057024,
          -0.9990313,
          0,
          0.0003914754,
          0.9990726,
          0.04305531,
          0,
          3.168638,
          99.71358,
          6.8676596,
          1
        ]
      },
      {
        "date" : 745973983.535227,
        "title" : "Untitled",
        "transform" : [
          0.99995875,
          -2.3588909e-10,
          -0.009092008,
          0,
          -0.009083576,
          0.043057024,
          -0.9990313,
          0,
          0.0003914754,
          0.9990726,
          0.04305531,
          0,
          0.039147552,
          99.907265,
          4.3055296,
          1
        ]
      }
    ],
    "911B324D-D89C-41E9-AE0E-A44B532B1CE9" : [
      {
        "date" : 746129556.900403,
        "title" : "Untitled",
        "transform" : [
          0.9995855,
          -2.6831302e-09,
          0.028787732,
          0,
          0.016378917,
          0.82236904,
          -0.5687185,
          0,
          -0.023674153,
          0.5689543,
          0.82202834,
          0,
          -13.201296,
          36.98747,
          91.9655,
          1
        ]
      },
      {
        "date" : 746129549.616889,
        "title" : "Untitled",
        "transform" : [
          1,
          0,
          0,
          0,
          0,
          0.7071069,
          -0.70710677,
          0,
          0,
          0.70710677,
          0.7071069,
          0,
          -0.28137997,
          1.4119084,
          2.2456722,
          1
        ]
      }
    ],
    "AE8652D3-C14A-489A-B3E3-22FDF5B151E8" : [
      {
        "date" : 745978709.846613,
        "title" : "Untitled",
        "transform" : [
          0.9963968,
          4.1472705e-09,
          -0.08481389,
          0,
          -0.039989833,
          0.88186574,
          -0.46980175,
          0,
          0.07479446,
          0.4715004,
          0.8786883,
          0,
          0.075885765,
          0.41480938,
          0.69587916,
          1
        ]
      },
      {
        "date" : 745977284.182844,
        "title" : "Untitled",
        "transform" : [
          0.9963968,
          4.1472705e-09,
          -0.08481389,
          0,
          -0.039989833,
          0.88186574,
          -0.46980175,
          0,
          0.07479446,
          0.4715004,
          0.8786883,
          0,
          0.111813255,
          0.6412945,
          1.1179568,
          1
        ]
      },
      {
        "date" : 745977278.094168,
        "title" : "Untitled",
        "transform" : [
          0.9222161,
          7.617017e-12,
          0.38667488,
          0,
          0.37982905,
          0.18733682,
          -0.9058889,
          0,
          -0.07243854,
          0.9822957,
          0.17276523,
          0,
          0.24553622,
          0.3073907,
          -0.19431686,
          1
        ]
      },
      {
        "date" : 745977270.216691,
        "title" : "Untitled",
        "transform" : [
          -0.48950917,
          4.911665e-09,
          -0.87199825,
          0,
          -0.1993636,
          0.9735138,
          0.11191569,
          0,
          0.8489023,
          0.22862822,
          -0.47654384,
          0,
          0.43888485,
          0.032645434,
          -0.35259008,
          1
        ]
      },
      {
        "date" : 745977132.814448,
        "title" : "Untitled",
        "transform" : [
          0.9848249,
          -1.5652781e-09,
          -0.17355102,
          0,
          -0.10137784,
          0.81165403,
          -0.57527417,
          0,
          0.14086339,
          0.5841384,
          0.7993371,
          0,
          0.19768244,
          0.48209548,
          0.44693547,
          1
        ]
      },
      {
        "date" : 745977125.361704,
        "title" : "Untitled",
        "transform" : [
          0.9848249,
          -1.5652781e-09,
          -0.17355102,
          0,
          -0.10137784,
          0.81165403,
          -0.57527417,
          0,
          0.14086339,
          0.5841384,
          0.7993371,
          0,
          0.17999297,
          0.46213543,
          0.4646392,
          1
        ]
      },
      {
        "date" : 745977122.694461,
        "title" : "Untitled",
        "transform" : [
          0.9848249,
          -1.5652781e-09,
          -0.17355102,
          0,
          -0.10137784,
          0.81165403,
          -0.57527417,
          0,
          0.14086339,
          0.5841384,
          0.7993371,
          0,
          0.2905373,
          0.42289934,
          -0.042504102,
          1
        ]
      },
      {
        "date" : 745975193.928213,
        "title" : "Untitled",
        "transform" : [
          0.9999884,
          -4.98063e-10,
          0.0048266696,
          0,
          0.003081832,
          0.769623,
          -0.63849115,
          0,
          -0.003714712,
          0.6384985,
          0.7696141,
          0,
          -0.0034545357,
          0.59377784,
          0.71571004,
          1
        ]
      },
      {
        "date" : 745975187.850341,
        "title" : "Untitled",
        "transform" : [
          0.97060263,
          -4.982239e-10,
          0.24068765,
          0,
          0.1837646,
          0.64580995,
          -0.74105346,
          0,
          -0.15543848,
          0.7634983,
          0.6268249,
          0,
          -0.40201056,
          1.9746356,
          1.621157,
          1
        ]
      }
    ],
    "B25F05C0-28E1-4A8D-8764-888C865ABC38" : [
      {
        "date" : 746129612.816301,
        "title" : "Untitled",
        "transform" : [
          0.90755165,
          -6.320795e-09,
          -0.41994053,
          0,
          -0.07690898,
          0.98308635,
          -0.16621138,
          0,
          0.4128378,
          0.18314268,
          0.89220166,
          0,
          41.878685,
          18.578169,
          90.50584,
          1
        ]
      },
      {
        "date" : 746129611.282994,
        "title" : "Untitled",
        "transform" : [
          0.929902,
          7.526954e-11,
          -0.36780742,
          0,
          -0.25832224,
          0.7118514,
          -0.6530982,
          0,
          0.26182422,
          0.7023302,
          0.661952,
          0,
          26.559715,
          71.24507,
          67.14908,
          1
        ]
      },
      {
        "date" : 746129610.045992,
        "title" : "Untitled",
        "transform" : [
          0.929902,
          7.526954e-11,
          -0.36780742,
          0,
          -0.25832224,
          0.7118514,
          -0.6530982,
          0,
          0.26182422,
          0.7023302,
          0.661952,
          0,
          39.351467,
          105.5583,
          99.48958,
          1
        ]
      }
    ],
    "E9D4AA2B-03D3-4C5D-AC62-3217C5B119BD" : [
      {
        "date" : 745974444.190789,
        "title" : "Untitled",
        "transform" : [
          1,
          0,
          0,
          0,
          0,
          0.7071069,
          -0.70710677,
          0,
          0,
          0.70710677,
          0.7071069,
          0,
          0,
          0.72428125,
          0.7242813,
          1
        ]
      }
    ],
    "F9671E0A-1E6E-4F5B-AE0F-FBF4E5487A22" : [
      {
        "date" : 745975177.466613,
        "title" : "Untitled",
        "transform" : [
          1,
          0,
          0,
          0,
          0,
          0.7071069,
          -0.70710677,
          0,
          0,
          0.70710677,
          0.7071069,
          0,
          -0.0066844597,
          0.22375983,
          0.38446483,
          1
        ]
      }
    ]
  },
  "sceneViewportBackgroundColors" : {

  },
  "selectedSceneRelativePath" : "static_scene.usda"
}